53626604.68095644
47266330.225484066
39502620.43709333
31345815.26627462
77352209.74688771
23643341.5542287
10307078.703894233
50947917.5548805
86837918.89513282
80688380.63851118
11499004.323422471
67472550.34751348
67662212.3183422
42873338.08117956
43993360.664909445
41667142.6515743
45539622.161188535
36969196.23029249
4732251.666368135
491239.13038033195
31147275.192199826
22277733.755087327
51497559.787799425
45898564.933325626
45718735.63882838
58942431.33659625
134767913.7278682
48826939.424971156
86765872.48708902
59813027.19961723
151293496.7842342
63948621.84565015
40754849.672771506
16953785.71335056
34617141.51304078
11202932.084810713
32132398.65689531
3299245.0081931045
22800253.00827835
42829253.47275765
32194129.971677672
16223321.80500615
63382252.89385094
37740726.28999049
62931143.125063345
33323058.91028608
59229442.674667396
57132964.510943264
5974007.100444686
7415236.934988916
774915.5488264014
20307164.968980674
39256298.13880736
33859872.03846819
7644835.617411697
11431915.345194535
12422081.457755812
33072799.25884391
21376677.577250455
4343730.616023285
51545933.942804605
67141860.89485213
59413112.91478903
21396487.509582143
