557583.0488535266
4365715.525601938
36033.14798351752
388731.32129382127
501263.55864735506
1670009.0695859334
268057.7148726553
9791463.04394307
1308022.078604446
4098338.355576026
108945.04486274465
3708308.497997614
841403.6660957026
2824234.3939779103
180059.754832462
7015917.990858561
307285.11424368486
3635192.3433968346
342862.00078162935
53576.89579886748
214926.4420334146
2479753.7535180976
384238.2765215501
5271406.583925927
261653.75431522718
4430412.176245191
238099.43313169535
8262814.803477093
1026095.4809046291
6282178.0061448105
284981.14684147236
8062100.635086651
705017.5000279008
2471927.4972667405
322548.31323513394
2577778.9295220077
966225.5056965997
4739843.115724144
452924.9945830443
2660901.583686976
781057.554379647
4629260.479237462
413934.4788602958
1809272.0256924955
3031279.4693985316
9077353.414159415
1200796.6035947998
5885518.545593529
114706.50062371742
1950491.181295414
66908.84830038244
1724003.4518589105
720875.086372728
5752389.197330044
176954.0452349949
1470785.821099243
302123.1915349991
3124418.7274043066
48005.30985526488
330568.71330538084
1746116.7182383044
10086516.89812409
520022.4543055237
1212878.623543435
