107633605.94596462
229491072.19014263
41490636.61664902
50312737.43902857
52808410.37810317
56832384.567617826
11130620.266016224
609013187.3002328
184062040.6905292
380630890.66000265
9694003.621516317
245329180.36119112
338827412.47150695
87937082.0658751
166694573.27843475
177065953.47096217
103091420.75673164
194665889.6311717
26658000.602234658
313984.1527999686
64188183.203425415
123231925.3535854
80496551.54097599
280091041.62768084
78083389.95932779
318918612.99532914
453561698.2184429
120897741.3566129
245248746.7338025
329719113.3094804
498800405.60919535
162252653.17631182
141532050.9210855
119936341.72046588
27447226.141681872
38621017.07342477
46872738.807601735
16275461.972601052
59416981.17048257
272504008.88671005
171492277.54753235
281360306.5253486
32876309.380809225
61968939.14359035
310881359.40766215
147098583.7723838
222707027.8112419
260447381.9627601
30167359.859468788
45702812.47955265
2122801.554807145
94231483.09663247
325969425.55745745
163732143.29400718
7909591.092629203
10092404.525824456
31023624.140666973
103798817.80303368
5808263.067502681
1894166.768973992
418486476.71270233
348282891.8017272
27516101.202773213
40617638.583037734
