4792749.154901431
6523932.443037554
5819303.976620052
11737464.62603627
1870375.3203755005
694071.0997352987
2715041.5198343573
1608807.0541427876
8297862.541049562
6601411.947537997
2268798.562542618
5498598.438278386
9474997.492604462
6256161.488924536
1865722.9430277671
1950661.9757180251
3297357.3478352614
5667845.323839176
713700.08458669
140031.80877258338
2658990.7306154533
3231841.385117242
8752821.017060902
1905901.8113589827
5804557.10785019
8403197.842587693
8599358.93902052
14836260.766257493
8745935.880769875
7017004.611349839
15514325.406979142
3527099.736041801
8105516.57974423
5205025.475094377
3004229.3388451487
1253667.8375434056
2729549.168148921
1005620.1556714714
7438255.852317965
667658.4892707784
7208576.173145931
5515685.037254832
2857917.331451548
1155338.520081417
12556712.353459708
5359794.517036571
2959032.5840375363
986494.1370373347
2257195.647031672
703407.8237672367
146274.5180404075
2768340.910977516
2365073.98617342
361839.0942978391
279747.55344002775
175473.12777421888
2333475.899089887
1625113.3496779653
9531501.601303818
1382712.5297356406
13076696.588724859
2058742.2439431401
1686774.0017448068
997434.5328821345
