400635.52263061824
48501134.40329122
24951.4560744425
1710940.4153465538
2359971.9015097427
54809987.75878273
212026.14640319653
84850734.68530399
1158902.1997553387
73631078.84343505
603081.2325437508
32541577.91164481
3309680.5096192094
92557366.36261085
2051060.9032695387
47527407.98348213
867910.320665987
38376013.39172524
788453.6446489444
684705.624121191
990952.6546885638
31223411.219595972
840092.9597120469
56067602.03500292
1003053.122344254
43040189.873401895
727198.8369634207
78607154.27342798
2550551.940879757
105178013.02396743
8756909.349169424
111671752.50224572
968631.832149488
38692963.28290572
748861.8700210818
26260249.173798148
1681798.8790067937
31075542.80615796
749005.5038035205
54048458.73655958
1797573.6725169853
67243475.27082497
1182123.158264703
30723609.3102597
5241540.252101324
119661797.46832982
4182718.681816131
66007214.50335144
727601.2977222683
8172495.00202358
2735945.43213377
16923198.175979484
13507836.509749386
64285050.70446781
1736431.259252967
26574127.28801896
1431056.2663318315
15588515.388325548
410753.6185081607
2528146.841148127
27485994.34951494
109426499.742877
5865511.554342437
13637472.801516164
