6957941.436905627
5657846.060608622
5530264.189364689
7735535.015071304
8071517.996126719
2733369.2794503355
1367528.202284917
1061220.5864464235
10677774.348860865
5632148.996174564
1993209.4708688217
6564681.166809464
10859486.477640059
5611245.394919254
2539087.472039668
1683882.9804757757
5353564.814822072
4437246.483258088
0
265.65155495091653
3860779.875557758
2660397.859215296
8132379.904923766
2210665.313242464
6784857.196544357
6766339.08913238
8069978.586848184
12831076.243457185
9877086.462399643
5601965.028211405
10597797.041090159
8165414.26497073
8928572.739180902
4139842.4402891323
3241773.8749786075
1353912.2302625766
7097559.446043709
3555513.3818822103
2362400.751684595
682047.4996154897
7956092.931612311
4846213.193838161
2600133.341079207
1131676.730904352
13153325.052899702
6049857.607756609
3355962.9528173343
959813.8697374327
2095110.7094553716
1735409.54290435
10219.82392230787
3113270.2466740687
8853630.54186891
2523781.61616817
1224494.6755496569
444974.1234628282
3170063.7179539213
2462438.8800858054
2546773.78836305
750206.8221676457
11745390.433368612
2963456.0973532107
4048054.2926687463
680521.4002041423
